Closed: 2024-07-02 20:56:30.847579
Opened: 2024-07-02 20:57:10.991489
